[gd_scene load_steps=6 format=3 uid="uid://vyqlavj8bafa"]

[ext_resource type="Script" path="res://scenes/area_01.gd" id="1_enyab"]
[ext_resource type="PackedScene" uid="uid://8xpos2les2ut" path="res://blender/blockout_area01.blend" id="2_hhrwb"]
[ext_resource type="PackedScene" uid="uid://cklmg5nrbqapm" path="res://Personaggi/camera_fissa.tscn" id="3_2c1p2"]
[ext_resource type="PackedScene" uid="uid://7773o71d41k5" path="res://scenes/portal.tscn" id="4_lse8v"]
[ext_resource type="PackedScene" uid="uid://dq0ktqp4py7l" path="res://Personaggi/Player.tscn" id="5_m3yyd"]

[node name="Area_01" type="Node3D" node_paths=PackedStringArray("portals", "player")]
script = ExtResource("1_enyab")
portals = [NodePath("Portal")]
player = NodePath("Player")

[node name="blockout_area01" parent="." instance=ExtResource("2_hhrwb")]

[node name="Cameras" type="Node" parent="."]

[node name="Camera_area01_A" parent="Cameras" node_paths=PackedStringArray("player") instance=ExtResource("3_2c1p2")]
transform = Transform3D(1, 0, 0, 0, 1, 0, 0, 0, 1, 3.43113, 0.0311227, 6.12985)
player = NodePath("../../Player")
stage_dimentions = Vector2(16, 16)

[node name="Camera3D" parent="Cameras/Camera_area01_A" index="0"]
transform = Transform3D(-1, 0, -8.74228e-08, -7.24007e-08, 0.56048, 0.828168, 4.89987e-08, 0.828168, -0.56048, 0, 4.83864, -9.22522)

[node name="Camera_area01_B" type="Camera3D" parent="Cameras"]
transform = Transform3D(-0.946085, 0.0898271, -0.311213, 0, 0.960779, 0.277315, 0.323917, 0.262363, -0.908979, -3.368, 5.563, 13.043)

[node name="Lights" type="Node3D" parent="."]

[node name="OmniLight3D2" type="OmniLight3D" parent="Lights"]
transform = Transform3D(1, 0, 0, 0, 1, 0, 0, 0, 1, 14.1378, 9.19286, 5.04746)
light_color = Color(0.164287, 0.906737, 0.590186, 1)
shadow_enabled = true
omni_range = 19.223
omni_attenuation = 0.429

[node name="OmniLight3D" type="OmniLight3D" parent="Lights"]
transform = Transform3D(1, 0, 0, 0, 1, 0, 0, 0, 1, 10.6981, 8.94525, 8.62571)
light_color = Color(0.164287, 0.906737, 0.590186, 1)
shadow_enabled = true
omni_range = 19.223
omni_attenuation = 0.429

[node name="OmniLight3D3" type="OmniLight3D" parent="Lights"]
transform = Transform3D(1, 0, 0, 0, 1, 0, 0, 0, 1, -7.27761, 9.19286, 3.83698)
light_color = Color(0.164287, 0.906737, 0.590186, 1)
shadow_enabled = true
omni_range = 19.223
omni_attenuation = 0.429

[node name="OmniLight3D4" type="OmniLight3D" parent="Lights"]
transform = Transform3D(1, 0, 0, 0, 1, 0, 0, 0, 1, -3.98117, 8.94525, 9.40594)
light_color = Color(0.164287, 0.906737, 0.590186, 1)
shadow_enabled = true
omni_range = 19.223
omni_attenuation = 0.429

[node name="SpotLight3D" type="SpotLight3D" parent="Lights"]
transform = Transform3D(-0.594661, -0.46253, 0.657605, -0.0110166, 0.822551, 0.568584, -0.803901, 0.33087, -0.494235, 49.8664, 30.41, -10.2449)
light_energy = 5.019
shadow_enabled = true
spot_range = 63.078
spot_angle_attenuation = 0.217638

[node name="SpotLight3D2" type="SpotLight3D" parent="Lights"]
transform = Transform3D(-0.935171, 0.192843, -0.297098, -0.0110167, 0.822551, 0.568584, 0.354026, 0.534997, -0.767101, -25.63, 30.41, -10.2449)
light_energy = 5.019
shadow_enabled = true
spot_range = 63.078
spot_angle_attenuation = 0.217638

[node name="SpotLight3D3" type="SpotLight3D" parent="Lights"]
transform = Transform3D(0.694, -0.403079, 0.596566, -0.0110166, 0.822551, 0.568584, -0.719891, -0.40117, 0.56641, 15.7086, 30.3213, 36.3115)
light_energy = 5.019
shadow_enabled = true
spot_range = 63.078
spot_angle_attenuation = 0.217638

[node name="Portal" parent="." instance=ExtResource("4_lse8v")]
transform = Transform3D(1, 0, 0, 0, 1, 0, 0, 0, 1, -22.1139, 0, 8.02319)

[node name="CollisionShape3D" parent="Portal/Area3D" index="0"]
transform = Transform3D(10, 0, 0, 0, 10, 0, 0, 0, 10, -3.92247, 0, 0)

[node name="Node3D" parent="Portal" index="1"]
transform = Transform3D(1, 0, 0, 0, 1, 0, 0, 0, 1, 3.9404, 0, 0)

[node name="Player" parent="." instance=ExtResource("5_m3yyd")]

[editable path="Cameras/Camera_area01_A"]
[editable path="Portal"]
