[gd_scene load_steps=3 format=3 uid="uid://ccuej4sc5msgf"]

[ext_resource type="PackedScene" uid="uid://8xpos2les2ut" path="res://blender/blockout_area01.blend" id="1_apbxw"]
[ext_resource type="PackedScene" uid="uid://dq0ktqp4py7l" path="res://Personaggi/Player.tscn" id="2_ckgo5"]

[node name="Area_01" type="Node3D"]

[node name="blockout_area01" parent="." instance=ExtResource("1_apbxw")]

[node name="Cameras" type="Node" parent="."]

[node name="Camera_area01_A" type="Camera3D" parent="Cameras"]
transform = Transform3D(-0.946085, 0.15458, -0.284655, 0.000241813, 0.879121, 0.476598, 0.323919, 0.450833, -0.831761, -11.412, 19.114, -20.688)

[node name="Camera_area01_B" type="Camera3D" parent="Cameras"]
transform = Transform3D(-0.946085, 0.0898271, -0.311213, 0, 0.960779, 0.277315, 0.323917, 0.262363, -0.908979, -3.368, 5.563, 13.043)

[node name="Lights" type="Node3D" parent="."]

[node name="OmniLight3D2" type="OmniLight3D" parent="Lights"]
transform = Transform3D(1, 0, 0, 0, 1, 0, 0, 0, 1, 14.1378, 9.19286, 5.04746)
light_color = Color(1, 0.6, 1, 1)
shadow_enabled = true
omni_range = 19.223
omni_attenuation = 0.429

[node name="OmniLight3D" type="OmniLight3D" parent="Lights"]
transform = Transform3D(1, 0, 0, 0, 1, 0, 0, 0, 1, 10.6981, 8.94525, 8.62571)
light_color = Color(1, 0.6, 1, 1)
shadow_enabled = true
omni_range = 19.223
omni_attenuation = 0.429

[node name="OmniLight3D3" type="OmniLight3D" parent="Lights"]
transform = Transform3D(1, 0, 0, 0, 1, 0, 0, 0, 1, -7.27761, 9.19286, 3.83698)
light_color = Color(1, 0.6, 1, 1)
shadow_enabled = true
omni_range = 19.223
omni_attenuation = 0.429

[node name="OmniLight3D4" type="OmniLight3D" parent="Lights"]
transform = Transform3D(1, 0, 0, 0, 1, 0, 0, 0, 1, -3.98117, 8.94525, 9.40594)
light_color = Color(1, 0.6, 1, 1)
shadow_enabled = true
omni_range = 19.223
omni_attenuation = 0.429

[node name="SpotLight3D" type="SpotLight3D" parent="Lights"]
transform = Transform3D(-0.594661, -0.46253, 0.657605, -0.0110166, 0.822551, 0.568584, -0.803901, 0.33087, -0.494235, 49.8664, 30.41, -10.2449)
light_energy = 5.019
shadow_enabled = true
spot_range = 63.078
spot_angle_attenuation = 0.217638

[node name="SpotLight3D2" type="SpotLight3D" parent="Lights"]
transform = Transform3D(-0.935171, 0.192843, -0.297098, -0.0110167, 0.822551, 0.568584, 0.354026, 0.534997, -0.767101, -25.63, 30.41, -10.2449)
light_energy = 5.019
shadow_enabled = true
spot_range = 63.078
spot_angle_attenuation = 0.217638

[node name="SpotLight3D3" type="SpotLight3D" parent="Lights"]
transform = Transform3D(0.694, -0.403079, 0.596566, -0.0110166, 0.822551, 0.568584, -0.719891, -0.40117, 0.56641, 15.7086, 30.3213, 36.3115)
light_energy = 5.019
shadow_enabled = true
spot_range = 63.078
spot_angle_attenuation = 0.217638

[node name="Player" parent="." instance=ExtResource("2_ckgo5")]
transform = Transform3D(1, 0, 0, 0, 1, 0, 0, 0, 1, 9.93586, 8.21606, -16.0581)
