[gd_scene load_steps=7 format=3 uid="uid://cp26yk4o2flcm"]

[ext_resource type="PackedScene" uid="uid://bvwvevq7y7m7d" path="res://scenes/room_template.tscn" id="1_gynca"]
[ext_resource type="PackedScene" uid="uid://cklmg5nrbqapm" path="res://Personaggi/camera_fissa.tscn" id="2_h1cx4"]
[ext_resource type="PackedScene" uid="uid://8xpos2les2ut" path="res://blender/blockout_area01.blend" id="2_ru2pi"]
[ext_resource type="PackedScene" uid="uid://7773o71d41k5" path="res://scenes/portal.tscn" id="3_phdxi"]
[ext_resource type="PackedScene" uid="uid://djou5a1k03qm3" path="res://Personaggi/npc_template.tscn" id="4_b5k65"]
[ext_resource type="PackedScene" uid="uid://dnr237yqvm0ht" path="res://Personaggi/cambiocamera.tscn" id="6_e86lh"]

[node name="Room04" instance=ExtResource("1_gynca")]

[node name="Camera_rig" parent="Cameras/CameraRoot" index="0" instance=ExtResource("2_h1cx4")]
stage_dimentions = Vector2(32, 16)

[node name="Camera3D" parent="Cameras/CameraRoot/Camera_rig" index="0"]
transform = Transform3D(-0.899687, 0.215239, -0.379783, -6.87517e-08, 0.869995, 0.493061, 0.436535, 0.443601, -0.782723, -12.1027, 11.1426, -15.1951)

[node name="CameraRoot2" type="Node3D" parent="Cameras" index="1"]
transform = Transform3D(1, 0, 0, 0, 1, 0, 0, 0, 1, 0, 0, 24.5127)

[node name="Camera_rig" parent="Cameras/CameraRoot2" index="0" instance=ExtResource("2_h1cx4")]

[node name="Camera3D" parent="Cameras/CameraRoot2/Camera_rig" index="0"]
transform = Transform3D(-0.998665, 0.0314491, -0.0409746, 0.0130712, 0.92133, 0.388563, 0.0499711, 0.387509, -0.920511, -0.430182, 8.57366, -7.79538)

[node name="CameraRoot3" type="Node3D" parent="Cameras" index="2"]
transform = Transform3D(1, 0, 0, 0, 1, 0, 0, 0, 1, 38.1353, 0, 0)

[node name="EndCamera" parent="Cameras/CameraRoot3" index="0" instance=ExtResource("2_h1cx4")]

[node name="Camera3D" parent="Cameras/CameraRoot3/EndCamera" index="0"]
transform = Transform3D(-0.181051, 0, -0.983474, 0, 1, 0, 0.983474, 0, -0.181051, 0, 12.5448, 0)

[node name="MeshInstance3D" parent="Cameras/CameraRoot3/EndCamera" index="1"]
transform = Transform3D(1, 0, 0, 0, 1, 0, 0, 0, 1, 14.9907, 6.45032, 8.34966)

[node name="MeshInstance3D2" parent="Cameras/CameraRoot3/EndCamera" index="2"]
transform = Transform3D(1, 0, 0, 0, 1, 0, 0, 0, 1, 14.9907, 6.45032, 8.34966)

[node name="scene_template01" parent="Assets" index="0"]
visible = false

[node name="MeshInstance3D" parent="Assets" index="1"]
visible = false

[node name="blockout_area01" parent="Assets" index="2" instance=ExtResource("2_ru2pi")]

[node name="NpcTemplate" parent="Interactive/Actionables" index="0" instance=ExtResource("4_b5k65")]
transform = Transform3D(1, 0, 0, 0, 1, 0, 0, 0, 1, 13.1925, 0, 30.4108)

[node name="Portal" parent="Interactive/Portals" index="0" instance=ExtResource("3_phdxi")]
transform = Transform3D(-0.03319, 0, -0.999449, 0, 1, 0, 0.999449, 0, -0.03319, 31.9612, 0.561611, 5.75091)
destination_room_id = 3
destination_portal_id = 1

[node name="Area3D" parent="Interactive/Portals/Portal" index="0"]
transform = Transform3D(1, 0, 0, 0, 1, 0, 0, 0, 1, 1.21207, 0, -0.0565872)

[node name="PlayerSpawn" parent="Interactive/Portals/Portal" index="1"]
transform = Transform3D(-1, 0, -8.74228e-08, 0, 1, 0, 8.74228e-08, 0, -1, 2.08898, -4.76837e-07, 2.78492)

[node name="MeshInstance3D" parent="Interactive/Portals/Portal/PlayerSpawn" index="0"]
transform = Transform3D(3, 0, -4.44089e-16, 0, -1.31134e-07, 3, 0, -3, -1.31134e-07, 0, 0, 0)

[node name="Portal2" parent="Interactive/Portals" index="1" instance=ExtResource("3_phdxi")]
transform = Transform3D(-4.37114e-08, 0, 1, 0, 1, 0, -1, 0, -4.37114e-08, 8.45967, 0.270176, -23.4545)
local_id = 1
destination_room_id = 1
destination_portal_id = 2

[node name="Area3D" parent="Interactive/Portals/Portal2" index="0"]
transform = Transform3D(-0.128536, 0, 0.991705, 0, 1, 0, -0.991705, 0, -0.128536, 0, 0, 0)

[node name="CollisionShape3D" parent="Interactive/Portals/Portal2/Area3D" index="0"]
transform = Transform3D(1, 0, 1.49012e-08, 0, 1, 0, -1.49012e-08, 0, 1, -0.410405, 0.505322, 3.6924)

[node name="AnimatedSprite3D" parent="Interactive/Portals/Portal2/Area3D" index="1"]
transform = Transform3D(0.725978, 0, 7.45058e-09, 0, 0.725978, 0, -7.45058e-09, 0, 0.725978, -0.43049, 4.46372, 2.96638)

[node name="PlayerSpawn" parent="Interactive/Portals/Portal2" index="1"]
transform = Transform3D(-4.37114e-08, 0, -1, 0, 1, 0, 1, 0, -4.37114e-08, -0.427397, -9.53674e-07, -0.243423)

[node name="MeshInstance3D" parent="Interactive/Portals/Portal2/PlayerSpawn" index="0"]
transform = Transform3D(3, 0, 0, 0, -1.31134e-07, -3, 0, 3, -1.31134e-07, 0, 0, 0)

[node name="Portal3" parent="Interactive/Portals" index="2" instance=ExtResource("3_phdxi")]
transform = Transform3D(0.0943167, 0, 0.995542, 0, 1, 0, -0.995542, 0, 0.0943167, -26.5367, 0.270176, 6.1821)
local_id = 2
destination_room_id = 5

[node name="PlayerSpawn" parent="Interactive/Portals/Portal3" index="1"]
transform = Transform3D(1, 0, 0, 0, 1, 0, 0, 0, 1, -0.0663281, 0, 3.60762)

[node name="Cambiocamera" parent="Interactive/CameraTriggers" index="0" node_paths=PackedStringArray("camera_rig") instance=ExtResource("6_e86lh")]
transform = Transform3D(1, 0, 0, 0, 1, 0, 0, 0, 1, 3.26611, 0.429979, 23.8991)
camera_rig = NodePath("../../../Cameras/CameraRoot2/Camera_rig")

[node name="Area3D" parent="Interactive/CameraTriggers/Cambiocamera" index="0"]
transform = Transform3D(2, 0, 0, 0, 2, 0, 0, 0, 2, 0, 0, 0)

[node name="Cambiocamera2" parent="Interactive/CameraTriggers" index="1" node_paths=PackedStringArray("camera_rig") instance=ExtResource("6_e86lh")]
transform = Transform3D(1, 0, 0, 0, 1, 0, 0, 0, 1, 3.84739, 0.659608, 21.4914)
camera_rig = NodePath("../../../Cameras/CameraRoot/Camera_rig")

[node name="Area3D" parent="Interactive/CameraTriggers/Cambiocamera2" index="0"]
transform = Transform3D(2, 0, 0, 0, 2, 0, 0, 0, 2, 0, 0, 0)

[editable path="Cameras/CameraRoot/Camera_rig"]
[editable path="Cameras/CameraRoot2/Camera_rig"]
[editable path="Cameras/CameraRoot3/EndCamera"]
[editable path="Interactive/Actionables/NpcTemplate"]
[editable path="Interactive/Portals/Portal"]
[editable path="Interactive/Portals/Portal2"]
[editable path="Interactive/Portals/Portal3"]
[editable path="Interactive/CameraTriggers/Cambiocamera"]
[editable path="Interactive/CameraTriggers/Cambiocamera2"]
